Date,Open,High,Low,Close,Volume
2017-10-29T00:00,0,1,0,0.5,1
2017-10-29T00:01,0,1,0,0.501502906,1
2017-10-29T00:02,0,1,0,0.48930362,1
2017-10-29T00:03,0,1,0,0.680638547,1
2017-10-29T00:04,0,1,0,0.560146043,1
2017-10-29T00:05,0,1,0,0.542476634,1
2017-10-29T00:06,0,1,0,0.508413996,1
2017-10-29T00:07,0,1,0,0.71428174,1
2017-10-29T00:08,0,1,0,0.666975935,1
2017-10-29T00:09,0,1,0,0.663136111,1
2017-10-29T00:10,0,1,0,0.681812692,1
2017-10-29T00:11,0,1,0,0.666476465,1
2017-10-29T00:12,0,1,0,0.693831117,1
2017-10-29T00:13,0,1,0,0.5904754,1
2017-10-29T00:14,0,1,0,0.556559646,1
2017-10-29T00:15,0,1,0,0.521079749,1
2017-10-29T00:16,0,1,0,0.683186084,1
2017-10-29T00:17,0,1,0,0.560243559,1
2017-10-29T00:18,0,1,0,0.609157618,1
2017-10-29T00:19,0,1,0,0.800270496,1
2017-10-29T00:20,0,1,0,0.752096029,1
2017-10-29T00:21,0,1,0,0.715580538,1
2017-10-29T00:22,0,1,0,0.754588258,1
2017-10-29T00:23,0,1,0,0.789386697,1
2017-10-29T00:24,0,1,0,0.712929819,1
2017-10-29T00:25,0,1,0,0.912253181,1
2017-10-29T00:26,0,1,0,0.635973459,1
2017-10-29T00:27,0,1,0,0.810310194,1
2017-10-29T00:28,0,1,0,0.66785869,1
2017-10-29T00:29,0,1,0,0.917784826,1
2017-10-29T00:30,0,1,0,0.695550029,1
2017-10-29T00:31,0,1,0,0.769714654,1
2017-10-29T00:32,0,1,0,0.861894173,1
2017-10-29T00:33,0,1,0,0.711207569,1
2017-10-29T00:34,0,1,0,0.679015655,1
2017-10-29T00:35,0,1,0,0.813291371,1
2017-10-29T00:36,0,1,0,0.913792105,1
2017-10-29T00:37,0,1,0,0.713005295,1
2017-10-29T00:38,0,1,0,0.816218623,1
2017-10-29T00:39,0,1,0,0.744336235,1
2017-10-29T00:40,0,1,0,0.780114453,1
2017-10-29T00:41,0,1,0,0.796373548,1
2017-10-29T00:42,0,1,0,0.933291372,1
2017-10-29T00:43,0,1,0,0.881119628,1
2017-10-29T00:44,0,1,0,0.915103133,1
2017-10-29T00:45,0,1,0,0.833146185,1
2017-10-29T00:46,0,1,0,0.98234624,1
2017-10-29T00:47,0,1,0,0.741826049,1
2017-10-29T00:48,0,1,0,0.739719927,1
2017-10-29T00:49,0,1,0,0.946439569,1
2017-10-29T00:50,0,1,0,0.86428536,1
2017-10-29T00:51,0,1,0,0.858355972,1
2017-10-29T00:52,0,1,0,0.878944232,1
2017-10-29T00:53,0,1,0,0.794771031,1
2017-10-29T00:54,0,1,0,0.761319532,1
2017-10-29T00:55,0,1,0,0.918221983,1
2017-10-29T00:56,0,1,0,0.877984162,1
2017-10-29T00:57,0,1,0,0.647533515,1
2017-10-29T00:58,0,1,0,0.91893377,1
2017-10-29T00:59,0,1,0,0.686780863,1
2017-10-29T01:00,0,1,0,0.768556179,1
2017-10-29T01:01,0,1,0,0.72164743,1
2017-10-29T01:02,0,1,0,0.770424942,1
2017-10-29T01:03,0,1,0,0.778754677,1
2017-10-29T01:04,0,1,0,0.735660855,1
2017-10-29T01:05,0,1,0,0.92653556,1
2017-10-29T01:06,0,1,0,0.841269147,1
2017-10-29T01:07,0,1,0,0.872918838,1
2017-10-29T01:08,0,1,0,0.798452334,1
2017-10-29T01:09,0,1,0,0.736463381,1
2017-10-29T01:10,0,1,0,0.807974791,1
2017-10-29T01:11,0,1,0,0.799754231,1
2017-10-29T01:12,0,1,0,0.683130836,1
2017-10-29T01:13,0,1,0,0.81738969,1
2017-10-29T01:14,0,1,0,0.809235172,1
2017-10-29T01:15,0,1,0,0.567367447,1
2017-10-29T01:16,0,1,0,0.83703981,1
2017-10-29T01:17,0,1,0,0.570428258,1
2017-10-29T01:18,0,1,0,0.728146521,1
2017-10-29T01:19,0,1,0,0.481212302,1
2017-10-29T01:20,0,1,0,0.504861515,1
2017-10-29T01:21,0,1,0,0.740498953,1
2017-10-29T01:22,0,1,0,0.770977767,1
2017-10-29T01:23,0,1,0,0.691911318,1
2017-10-29T01:24,0,1,0,0.624140018,1
2017-10-29T01:25,0,1,0,0.523723189,1
2017-10-29T01:26,0,1,0,0.528638503,1
2017-10-29T01:27,0,1,0,0.71712769,1
2017-10-29T01:28,0,1,0,0.507684452,1
2017-10-29T01:29,0,1,0,0.511200747,1
2017-10-29T01:30,0,1,0,0.384476322,1
2017-10-29T01:31,0,1,0,0.502143236,1
2017-10-29T01:32,0,1,0,0.639610602,1
2017-10-29T01:33,0,1,0,0.47594253,1
2017-10-29T01:34,0,1,0,0.331577799,1
2017-10-29T01:35,0,1,0,0.318011793,1
2017-10-29T01:36,0,1,0,0.351010173,1
2017-10-29T01:37,0,1,0,0.540727649,1
2017-10-29T01:38,0,1,0,0.427569387,1
2017-10-29T01:39,0,1,0,0.311696968,1
2017-10-29T01:40,0,1,0,0.427665951,1
2017-10-29T01:41,0,1,0,0.430990544,1
2017-10-29T01:42,0,1,0,0.320799861,1
2017-10-29T01:43,0,1,0,0.250669743,1
2017-10-29T01:44,0,1,0,0.3620684,1
2017-10-29T01:45,0,1,0,0.525720975,1
2017-10-29T01:46,0,1,0,0.219366117,1
2017-10-29T01:47,0,1,0,0.384964499,1
2017-10-29T01:48,0,1,0,0.226342007,1
2017-10-29T01:49,0,1,0,0.458207759,1
2017-10-29T01:50,0,1,0,0.254637983,1
2017-10-29T01:51,0,1,0,0.191538838,1
2017-10-29T01:52,0,1,0,0.141115982,1
2017-10-29T01:53,0,1,0,0.270363443,1
2017-10-29T01:54,0,1,0,0.406341849,1
2017-10-29T01:55,0,1,0,0.300457304,1
2017-10-29T01:56,0,1,0,0.130421347,1
2017-10-29T01:57,0,1,0,0.166374956,1
2017-10-29T01:58,0,1,0,0.109307542,1
2017-10-29T01:59,0,1,0,0.347104887,1
2017-10-29T02:00,0,1,0,0.205447696,1
2017-10-29T02:01,0,1,0,0.193009677,1
2017-10-29T02:02,0,1,0,0.34433325,1
2017-10-29T02:03,0,1,0,0.066863528,1
2017-10-29T02:04,0,1,0,0.291994193,1
2017-10-29T02:05,0,1,0,0.337945909,1
2017-10-29T02:06,0,1,0,0.197219468,1
2017-10-29T02:07,0,1,0,0.2729004,1
2017-10-29T02:08,0,1,0,0.23685383,1
2017-10-29T02:09,0,1,0,0.202804206,1
2017-10-29T02:10,0,1,0,0.322732846,1
2017-10-29T02:11,0,1,0,0.099374682,1
2017-10-29T02:12,0,1,0,0.315759346,1
2017-10-29T02:13,0,1,0,0.046036355,1
2017-10-29T02:14,0,1,0,0.196071021,1
2017-10-29T02:15,0,1,0,0.07132504,1
2017-10-29T02:16,0,1,0,0.284889509,1
2017-10-29T02:17,0,1,0,0.050901755,1
2017-10-29T02:18,0,1,0,0.166165191,1
2017-10-29T02:19,0,1,0,0.158355489,1
2017-10-29T02:20,0,1,0,0.036638841,1
2017-10-29T02:21,0,1,0,0.059668141,1
2017-10-29T02:22,0,1,0,0.288987355,1
2017-10-29T02:23,0,1,0,0.112798157,1
2017-10-29T02:24,0,1,0,0.201116527,1
2017-10-29T02:25,0,1,0,0.124941089,1
2017-10-29T02:26,0,1,0,0.26295598,1
2017-10-29T02:27,0,1,0,0.064394325,1
2017-10-29T02:28,0,1,0,0.253302122,1
2017-10-29T02:29,0,1,0,0.206581515,1
2017-10-29T02:30,0,1,0,0.190013356,1
2017-10-29T02:31,0,1,0,0.265171677,1
2017-10-29T02:32,0,1,0,0.135619643,1
2017-10-29T02:33,0,1,0,0.177476083,1
2017-10-29T02:34,0,1,0,0.333337454,1
2017-10-29T02:35,0,1,0,0.059986346,1
2017-10-29T02:36,0,1,0,0.188884802,1
2017-10-29T02:37,0,1,0,0.338879533,1
2017-10-29T02:38,0,1,0,0.302712419,1
2017-10-29T02:39,0,1,0,0.223617318,1
2017-10-29T02:40,0,1,0,0.133673308,1
2017-10-29T02:41,0,1,0,0.413657843,1
2017-10-29T02:42,0,1,0,0.167448954,1
2017-10-29T02:43,0,1,0,0.278467171,1
2017-10-29T02:44,0,1,0,0.162494608,1
2017-10-29T02:45,0,1,0,0.43797756,1
2017-10-29T02:46,0,1,0,0.276064024,1
2017-10-29T02:47,0,1,0,0.151584551,1
2017-10-29T02:48,0,1,0,0.236286734,1
2017-10-29T02:49,0,1,0,0.204024483,1
2017-10-29T02:50,0,1,0,0.486169896,1
2017-10-29T02:51,0,1,0,0.501217549,1
2017-10-29T02:52,0,1,0,0.448260653,1
2017-10-29T02:53,0,1,0,0.207727125,1
2017-10-29T02:54,0,1,0,0.244481556,1
2017-10-29T02:55,0,1,0,0.410719739,1
2017-10-29T02:56,0,1,0,0.346742913,1
2017-10-29T02:57,0,1,0,0.401451489,1
2017-10-29T02:58,0,1,0,0.385900193,1
2017-10-29T02:59,0,1,0,0.549737791,1
2017-10-29T03:00,0,1,0,0.531676231,1
2017-10-29T03:01,0,1,0,0.478576689,1
2017-10-29T03:02,0,1,0,0.55640415,1
2017-10-29T03:03,0,1,0,0.624638079,1
2017-10-29T03:04,0,1,0,0.593220965,1
2017-10-29T03:05,0,1,0,0.393657822,1
2017-10-29T03:06,0,1,0,0.659281912,1
2017-10-29T03:07,0,1,0,0.600865608,1
2017-10-29T03:08,0,1,0,0.501986287,1
2017-10-29T03:09,0,1,0,0.391364812,1
2017-10-29T03:10,0,1,0,0.572006431,1
2017-10-29T03:11,0,1,0,0.432253638,1
2017-10-29T03:12,0,1,0,0.547828327,1
2017-10-29T03:13,0,1,0,0.632919833,1
2017-10-29T03:14,0,1,0,0.522522446,1
2017-10-29T03:15,0,1,0,0.694313681,1
2017-10-29T03:16,0,1,0,0.514025566,1
2017-10-29T03:17,0,1,0,0.494681808,1
2017-10-29T03:18,0,1,0,0.704081159,1
2017-10-29T03:19,0,1,0,0.653504698,1
2017-10-29T03:20,0,1,0,0.59563315,1
2017-10-29T03:21,0,1,0,0.75027152,1
2017-10-29T03:22,0,1,0,0.599303256,1
2017-10-29T03:23,0,1,0,0.834196629,1
2017-10-29T03:24,0,1,0,0.75234196,1
2017-10-29T03:25,0,1,0,0.606699428,1
2017-10-29T03:26,0,1,0,0.617276824,1
2017-10-29T03:27,0,1,0,0.611888566,1
2017-10-29T03:28,0,1,0,0.831469503,1
2017-10-29T03:29,0,1,0,0.866271342,1
2017-10-29T03:30,0,1,0,0.813328478,1
2017-10-29T03:31,0,1,0,0.810174934,1
2017-10-29T03:32,0,1,0,0.665464591,1
2017-10-29T03:33,0,1,0,0.72014385,1
2017-10-29T03:34,0,1,0,0.664789286,1
2017-10-29T03:35,0,1,0,0.649802611,1
2017-10-29T03:36,0,1,0,0.901497558,1
2017-10-29T03:37,0,1,0,0.872075268,1
2017-10-29T03:38,0,1,0,0.896235784,1
2017-10-29T03:39,0,1,0,0.710449448,1
2017-10-29T03:40,0,1,0,0.647241688,1
2017-10-29T03:41,0,1,0,0.655343042,1
2017-10-29T03:42,0,1,0,0.716401619,1
2017-10-29T03:43,0,1,0,0.693835968,1
2017-10-29T03:44,0,1,0,0.81265104,1
2017-10-29T03:45,0,1,0,0.952499762,1
2017-10-29T03:46,0,1,0,0.754831556,1
2017-10-29T03:47,0,1,0,0.911943797,1
2017-10-29T03:48,0,1,0,0.684002903,1
2017-10-29T03:49,0,1,0,0.972221321,1
2017-10-29T03:50,0,1,0,0.93441236,1
2017-10-29T03:51,0,1,0,0.962662934,1
2017-10-29T03:52,0,1,0,0.837208263,1
2017-10-29T03:53,0,1,0,0.785360913,1
2017-10-29T03:54,0,1,0,0.715523896,1
2017-10-29T03:55,0,1,0,0.832728478,1
2017-10-29T03:56,0,1,0,0.747322042,1
2017-10-29T03:57,0,1,0,0.679324922,1
2017-10-29T03:58,0,1,0,0.681429375,1
2017-10-29T03:59,0,1,0,0.878019952,1
2017-10-29T04:00,0,1,0,0.992074472,1
2017-10-29T04:01,0,1,0,0.830601085,1
2017-10-29T04:02,0,1,0,0.939790452,1
2017-10-29T04:03,0,1,0,0.893508145,1
2017-10-29T04:04,0,1,0,0.650890659,1
2017-10-29T04:05,0,1,0,0.734725114,1
2017-10-29T04:06,0,1,0,0.727316756,1
2017-10-29T04:07,0,1,0,0.872979777,1
2017-10-29T04:08,0,1,0,0.886707365,1
2017-10-29T04:09,0,1,0,0.679346606,1
2017-10-29T04:10,0,1,0,0.627250485,1
